1.503827
1.378126
1.377749
1.328004
1.268987
1.2218
1.29479
1.283418
1.332673
1.216446
1.207411
1.289369
1.32096
1.259319
1.086857
1.184088
1.226943
1.141706
1.074609
1.016209
1.125695
1.14469
1.209921
1.147066
1.217313
1.151293
1.352981
1.306947
1.300134
1.305837
1.286429
1.240229
1.302085
1.317987
1.306261
1.33032
1.363807
1.480269
1.412358
1.226749
1.231688
1.269346
1.202792
1.213489
1.450327
1.523899
1.366428
1.423031
1.526776
1.380388
1.185485
1.613234
1.749254
1.642686
1.634484
1.619128
1.536207
1.517955
1.467857
1.55459
1.465904
1.546093
1.465038
1.44044
1.387601
1.301255
1.297039
1.371101
1.389869
1.584598
1.492384
1.36112
1.4111
1.488616
1.509147
1.504244
1.395114
1.281755
1.536642
1.574496
1.536348
1.707335
1.522728
1.515763
1.455595
1.410114
1.255244
1.409309
1.434608
1.513973
1.6078
1.574611
1.498325
1.535027
1.459458
1.551176
1.854504
1.87254
1.592331
1.672322
1.569448
1.447023
1.387233
1.853678
