3.495637
2.830473
3.124943
2.200456
3.081945
3.965585
4.240518
3.310594
1.440631
0.7980506
1.153515
1.288812
0.6974591
1.016189
0.674755
0.2696628
0.9442032
0.2866334
0.5475985
0.6694316
0.5599463
0.8010043
1.173516
1.397468
0.813608
0.6516068
0.7531052
0.845013
0.733916
1.29721
1.030628
0.9564806
1.205986
1.352529
1.378194
0.8196895
1.346241
1.932571
1.632405
1.555775
1.981596
2.024987
1.587389
1.902542
2.004631
2.382507
2.137171
2.517338
2.732442
2.366812
3.188936
3.713711
4.263184
3.835609
4.343906
3.883629
6.051268
4.993002
2.76743
1.770682
1.297305
1.297414
1.408523
1.143501
0.7864408
1.239811
1.066843
0.705496
1.354716
0.7283523
0.7447842
0.7855347
0.7110397
1.173047
1.224867
1.038435
0.7607955
0.6488804
0.6072682
0.5601536
0.7278523
1.38003
1.108488
1.173873
1.374052
1.78337
2.399761
2.568006
2.814852
3.153623
2.544692
2.116399
2.686735
2.691513
2.548014
2.76815
2.926637
3.055925
2.517586
3.056808
3.273742
3.106491
3.486078
4.91061
