0.576799498343227
0.577180433200977
0.779300042513737
0.834695448687764
0.701287389246445
0.918746643715621
0.832891007762862
0.794102898412663
0.964509567199774
0.920186598697787
1.01510434665418
0.886360789561407
0.972941211087373
1.04369796828197
1.07241383792094
1.11442012991249
1.19798700769865
1.40445024621546
1.28259527493887
1.32139531513903
1.33217748284622
1.34795764730112
1.60944246486039
1.58423074317723
1.48242380539592
1.43597418168994
1.41178791777619
1.34863395168154
1.35394098878659
1.22841037614196
1.06947743957742
1.12627310419378
0.987163191409997
0.933477812436791
0.937358306224766
0.841660770717613
0.879252355349247
0.916292757663219
0.981502745042568
1.15491505815875
0.715491014789283
0.719823212496424
0.670138846340542
0.581220473828505
0.588815653283447
0.556385296695274
0.627558508663029
1.0645566277873
1.02160427720052
0.729178891135363
0.773299039321277
0.710382635250405
0.673621064309817
0.635408748457721
0.830997638051418
0.878669581773596
0.736735344817816
0.948923740163647
0.856411582845808
0.811948293948102
0.977866268429143
0.9288490864945
1.01973546193812
0.887193345017366
0.970423371543571
1.03808087548405
1.06400303608865
1.10344714445973
1.18457087537578
1.38840163700439
1.26508169423605
1.30211886344682
1.3114116470521
1.3258460065694
1.58506444215235
1.55892842862038
1.45669768099267
1.40970506944839
1.3849832416847
1.32159125286338
1.32640517915847
1.20113994020025
1.04273305952104
1.09898282384616
0.960426563744415
0.906891049367326
0.910654880535742
0.815418334912626
0.852782919625239
0.889629488349022
0.954520728970365
1.12705554919758
0.690083823212055
0.694488906427756
0.645182881259836
0.55686349228109
0.564554989107663
0.532442904942251
0.603401115613631
1.03830141898029
0.99576179211813
0.705026923306928
0.749114844676802
0.686712579186597