0.928886200721181
0.889990883014462
0.963958338687804
1.08169439369414
0.976238161140438
1.04686473675998
1.03068138515355
1.03177568901074
1.03590694229977
1.0774350774602
1.24261584528526
1.29850041719841
1.36678817864116
1.42066807591761
1.53869198757713
1.58888207578144
1.60193227939481
1.69063388547975
1.69745953404985
1.7504844076918
1.73251882840382
1.86614504657887
1.84870756968032
1.80926183463374
1.87591393997747
1.88748289313366
1.91376001351833
1.83315614804307
1.8978521763019
1.78280739359572
1.84070489594713
1.90458598308996
1.90253339599804
1.79102094749818
1.8499651195947
1.72294061005333
1.85085849841165
1.84897852499451
1.88021949392101
1.8441407087709
1.99668452722824
1.99667814073182
2.0900502509928
2.05945597176228
2.01092674669367
2.05789049065412
2.07344772705673
2.29927832680908
2.1165634458973
1.89163666664231
1.82123879716075
1.88970672644589
1.80771746823403
1.7675580194527
1.83252063460709
1.94200640150301
1.82900226196235
1.89273474766182
1.87026591696313
1.86564127196788
1.86458093559357
1.90140837759502
2.06234540718474
2.11441160099525
2.17927693420509
2.2301029763407
2.34541612205974
2.39321481164022
2.40417090224189
2.49105512599661
2.49632098919697
2.54802586365293
2.52896349205927
2.66170069183218
2.6435676045256
2.60360629444381
2.66991041211406
2.68128737762814
2.70751772424324
2.62700225848907
2.69191251379012
2.57719908549092
2.63553697119033
2.69995993213988
2.69854369205709
2.58775553169978
2.64750585264383
2.52136369263965
2.65023486255449
2.64937419832938
2.6816959387987
2.64675513791049
2.80049019754532
2.8017246268507
2.89638369984764
2.86711933959458
2.81996001966317
2.86833089019633
2.88532990104155
3.11263452748235
2.93142369551913
2.70802891167281
2.63918905178504
2.70923920617553