0.144705
0.400031
0.5863664
0.6289131
0.5661133
0.4465912
0.349042
0.335215
0.3422649
0.271086
0.1832553
0.1949789
0.2481523
0.206271
0.1458055
0.2315471
0.360583
0.2336169
-0.08409262
-0.2567603
-0.2128201
-0.141022
-0.1622687
-0.1579166
-0.07397724
-0.06666254
-0.187981
-0.247966
-0.1663487
-0.1172344
-0.229017
-0.3379862
-0.2965517
-0.1735756
-0.08866591
-0.001051375
0.1504245
0.2459439
0.1731758
0.0628165
0.05703177
0.1197766
0.1855125
0.3010938
0.4781479
0.5641129
0.469274
0.3231807
0.1932294
-0.01059015
-0.2631362
-0.3813287
-0.2721698
-0.02479734
0.1666551
0.2101458
0.1524879
0.05907121
0.01152317
0.06708836
0.1475936
0.1154517
0.02629817
0.04496571
0.1501964
0.1708653
0.1368636
0.256251
0.4855328
0.4468333
0.085348
-0.1881316
-0.2138571
-0.1863924
-0.2952642
-0.4354572
-0.4794132
-0.4905404
-0.5393709
-0.5440868
-0.4486248
-0.3835837
-0.4730025
-0.583602
-0.5543132
-0.4091181
-0.2717072
-0.1642748
-0.02529941
0.1061286
0.1460945
0.1449909
0.185187
0.2219019
0.1930169
0.1555683
0.1673136
0.1939215
0.2225704
0.2861023
0.2814969
0.02778958
-0.3464385
-0.537112
